71,4
61,3
69,4
69,3
70,3
70,4
58,3
71,3
0,300
0,299
0,298
0,297
0,296
0,295
0,294
0,293
0,292
0,291
0,290
0,289
0,288
0,287
0,286
0,285
0,284
0,283
0,282
0,281
0,280
0,279
0,278
0,277
0,276
0,275
0,274
0,273
0,272
0,271
0,270
0,269
0,268
0,267
0,266
0,265
0,264
0,263
0,262
0,261
0,260
0,259
0,258
0,257
0,256
0,255
0,254
0,253
0,252
0,250
0,368
0,246
0,346
0,245
0,413
0,244
0,365
0,242
0,429
0,241
0,240
0,322
0,239
0,238
0,361
0,237
0,327
0,236
0,349
0,235
0,320
0,234
0,344
0,233
0,412
0,232
0,321
0,231
0,356
0,230
0,229
0,411
0,228
0,353
0,227
0,340
0,226
0,225
0,351
0,224
0,223
0,338
0,222
0,311
0,221
0,394
0,220
0,428
0,219
0,309
0,218
0,217
0,374
0,216
0,215
0,409
0,214
0,342
0,213
0,212
0,308
0,211
0,404
0,210
0,393
0,209
0,323
0,208
0,447
0,207
0,405
0,206
0,390
0,205
0,319
0,204
0,203
0,202
0,439
0,201
0,200
0,199
0,438
0,198
0,197
0,317
0,196
0,2
0,195
0,194
0,326
0,193
0,192
0,381
0,63
0,62
0,61
0,60
0,59
0,58
0,57
0,56
0,55
0,54
0,53
0,52
0,51
0,50
0,49
0,48
0,47
0,46
0,45
0,6
0,251
0,440
47,33
0,249
54,4
53,5
50,3
50,9
0,248
0,415
0,247
0,431
0,425
0,424
0,423
0,391
47,19
47,18
47,17
47,16
47,15
47,14
47,13
47,12
47,11
47,10
47,9
47,8
47,7
47,6
47,5
47,4
47,3
47,2
47,1
47,0
46,7
46,6
46,5
46,4
46,3
46,2
46,1
46,0
45,85
45,9
45,8
45,7
45,5
45,4
45,3
45,2
45,1
45,0
44,4
44,3
44,2
44,1
44,0
43,8
43,7
43,6
43,5
43,4
43,3
43,2
43,1
43,0
42,5
42,4
42,3
42,2
42,1
42,0
41,3
41,2
41,1
41,0
36,4
36,3
36,2
36,1
36,0
4,3
2,5
2,4
2,3
2,2
2,1
2,0
1,3
0,410
0,324
0,243
0,9
0,0
0,1
0,375
0,408
0,363
0,396
0,406
0,388
0,360
0,401
0,400
0,399
0,422
0,398
0,397
0,421
0,386
0,395
0,420
0,372
0,392
0,314
0,348
0,389
0,443
0,418
47,20
47,21
47,23
47,24
47,26
47,27
47,29
47,31
47,32
47,34
47,35
47,37
47,39
47,64
48,1
48,2
48,4
48,5
49,0
49,2
49,3
49,5
50,0
50,2
50,4
50,5
50,7
50,8
51,0
51,1
51,3
51,5
51,6
52,1
52,2
52,4
53,0
53,1
53,3
53,4
54,0
54,1
54,3
54,5
55,0
55,2
55,3
55,5
56,1
56,2
56,4
56,5
57,0
57,2
57,3
58,1
58,2
61,0
61,1
69,1
69,2
69,5
70,1
71,1
71,2
71,0
70,2
70,0
69,0
61,2
58,0
57,1
56,6
56,3
56,0
55,4
55,1
54,2
53,2
52,5
52,3
52,0
51,4
51,2
50,6
50,1
49,4
49,1
48,6
48,3
48,0
47,38
47,36
47,30
47,28
47,25
47,22
0,384
0,385
0,417
0,359
0,382
0,442
0,416
0,380
0,379
0,441
0,313
0,377
0,430
0,358
0,312
0,376
0,419
0,402
0,435
0,362
0,427
0,331
0,403
0,371
0,426
0,341
0,414
0,367
0,318
0,307
0,337
0,316
0,444
0,387
0,336
0,378
0,310
0,407
0,437
0,333
0,301
0,5
0,304
0,303
0,306
0,305
0,302
0,12
0,10
0,8
0,11
0,4
0,3
0,7
